0 0.50078125 0.3875 0.0640625 0.0265625
0 0.5 0.40546875 0.0609375 0.0234375
0 0.496875 0.42578125 0.0640625 0.0328125
0 0.4921875 0.48671875 0.0578125 0.021875
0 0.49296875 0.540625 0.0625 0.0421875
0 0.49453125 0.62265625 0.071875 0.0375
0 0.48515625 0.64765625 0.0546875 0.0265625
0 0.5140625 0.6625 0.1046875 0.059375
0 0.56015625 0.73984375 0.184375 0.0609375
0 0.559375 0.7953125 0.1578125 0.0796875
0 0.534375 0.9375 0.1421875 0.06875
0 0.55 0.28671875 0.1578125 0.075
1 0.6859375 0.578125 0.378125 0.3703125
1 0.671875 0.15078125 0.421875 0.3015625