0 0.48359375 0.065625 0.1015625 0.034375
0 0.48125 0.0390625 0.09375 0.034375
0 0.48359375 0.23828125 0.065625 0.0140625
0 0.48359375 0.228125 0.0671875 0.015625
1 0.4796875 0.36953125 0.046875 0.046875
1 0.47421875 0.425 0.059375 0.05625
0 0.490625 0.609375 0.021875 0.0078125
0 0.48046875 0.63515625 0.0375 0.0109375
0 0.46328125 0.85078125 0.0953125 0.0375
0 0.4546875 0.88359375 0.0890625 0.03125
0 0.45703125 0.9578125 0.1015625 0.03125
0 0.45390625 0.98515625 0.0921875 0.0296875
1 0.3421875 0.5328125 0.3546875 0.340625