1 0.38515625 0.50859375 0.04296875 0.04375
1 0.5453125 0.6515625 0.3375 0.3421875
0 0.09140625 0.51484375 0.02734375 0.0953125
0 0.0734375 0.52109375 0.01875 0.09296875
0 0.25078125 0.509375 0.01171875 0.0625
0 0.26015625 0.50859375 0.01640625 0.0640625
1 0.4421875 0.50859375 0.0484375 0.05234375
0 0.83359375 0.503125 0.03046875 0.084375
0 0.86015625 0.51171875 0.0375 0.0765625
0 0.92734375 0.50625 0.0265625 0.084375
0 0.95859375 0.50859375 0.02890625 0.08046875
0 0.98515625 0.53046875 0.02734375 0.09765625