0 0.603125 0.265625 0.209375 0.071875
0 0.4921875 0.67421875 0.03125 0.0140625
0 0.50703125 0.7375 0.065625 0.01875
0 0.50703125 0.74921875 0.0625 0.0140625
0 0.49921875 0.9203125 0.0796875 0.0359375
0 0.49296875 0.94296875 0.0671875 0.025
0 0.51328125 0.3578125 0.03125 0.0125
0 0.5171875 0.325 0.0390625 0.0171875
0 0.528125 0.17890625 0.075 0.03125
0 0.53671875 0.13984375 0.0703125 0.034375
0 0.54296875 0.06640625 0.0796875 0.0328125
0 0.54375 0.0359375 0.0546875 0.028125
1 0.65546875 0.45546875 0.3921875 0.365625