0 0.259375 0.48515625 0.0203125 0.065625
0 0.26953125 0.4859375 0.0203125 0.065625
0 0.06953125 0.4765625 0.0296875 0.0828125
0 0.09140625 0.4828125 0.0359375 0.1
1 0.3921875 0.49375 0.05 0.046875
0 0.64609375 0.496875 0.0109375 0.0265625
0 0.6828125 0.5015625 0.015625 0.0375
0 0.6921875 0.55 0.05625 0.1390625
0 0.83046875 0.5203125 0.0359375 0.0828125
0 0.85859375 0.5265625 0.0375 0.0796875
0 0.93828125 0.53359375 0.0390625 0.0765625
0 0.96484375 0.53515625 0.03125 0.059375
1 0.5453125 0.65859375 0.36875 0.3859375