0 0.4578125 0.37890625 0.075 0.028125
0 0.4703125 0.5578125 0.084375 0.0296875
1 0.4640625 0.49609375 0.04375 0.04375
1 0.47734375 0.7609375 0.05625 0.0640625
0 0.48359375 0.9703125 0.078125 0.0265625
0 0.47265625 0.82890625 0.05 0.0171875
0 0.47734375 0.80234375 0.0484375 0.0140625
0 0.4546875 0.315625 0.071875 0.028125
0 0.45 0.34140625 0.078125 0.0171875
0 0.453125 0.35546875 0.071875 0.0203125
0 0.4609375 0.4265625 0.071875 0.025
0 0.46640625 0.4453125 0.08125 0.0265625
0 0.465625 0.46328125 0.084375 0.0265625