0 0.2546875 0.50625 0.01484375 0.0625
0 0.26484375 0.50625 0.015625 0.06328125
0 0.06796875 0.5109375 0.0234375 0.07890625
0 0.08984375 0.515625 0.02890625 0.096875
1 0.3859375 0.50546875 0.0453125 0.04296875
0 0.63515625 0.490625 0.009375 0.02578125
0 0.671875 0.49296875 0.01171875 0.0359375
0 0.684375 0.53984375 0.046875 0.134375
0 0.81796875 0.50078125 0.02890625 0.08046875
0 0.8453125 0.50546875 0.0328125 0.0765625
0 0.925 0.50703125 0.0328125 0.07421875
0 0.9515625 0.50625 0.02578125 0.05703125
1 0.54765625 0.65625 0.33828125 0.3578125