1 0.540625 0.50390625 0.0484375 0.05
0 0.54453125 0.39140625 0.0890625 0.0328125
0 0.53671875 0.61640625 0.0734375 0.028125
0 0.56640625 0.071875 0.0765625 0.021875
0 0.53359375 0.59140625 0.084375 0.0234375
0 0.56171875 0.26875 0.034375 0.015625
1 0.5546875 0.24296875 0.0609375 0.0671875
0 0.56015625 0.2046875 0.0546875 0.01875
0 0.56484375 0.18046875 0.0578125 0.021875
0 0.56875 0.05703125 0.078125 0.025
0 0.5359375 0.66015625 0.0734375 0.025
0 0.53359375 0.6765625 0.075 0.034375
0 0.53359375 0.5734375 0.0890625 0.0328125