1 0.58203125 0.90234375 0.1953125 0.1953125
1 0.52890625 0.209375 0.0734375 0.071875
0 0.54765625 0.27578125 0.0546875 0.028125
0 0.54921875 0.390625 0.159375 0.0640625
1 0.509375 0.01171875 0.053125 0.0234375
1 0.52421875 0.09375 0.0390625 0.0421875
0 0.5828125 0.78359375 0.275 0.0859375
0 0.5875 0.83046875 0.3265625 0.1078125
0 0.57578125 0.71953125 0.2734375 0.090625
0 0.5609375 0.72421875 0.290625 0.1078125
0 0.55625 0.66796875 0.2796875 0.1078125
0 0.54453125 0.58359375 0.3125 0.1125
0 0.54140625 0.50859375 0.334375 0.115625