1 0.55078125 0.4953125 0.04375 0.0484375
0 0.5453125 0.37890625 0.090625 0.025
0 0.55625 0.61171875 0.0734375 0.0234375
0 0.53828125 0.046875 0.078125 0.015625
0 0.5515625 0.58671875 0.0859375 0.0171875
0 0.5515625 0.25078125 0.034375 0.0140625
1 0.54140625 0.225 0.0578125 0.065625
0 0.54375 0.18515625 0.0546875 0.015625
0 0.54609375 0.159375 0.059375 0.01875
0 0.5390625 0.03203125 0.078125 0.0203125
0 0.56015625 0.65703125 0.075 0.0203125
0 0.5578125 0.67421875 0.0765625 0.028125
0 0.54921875 0.56796875 0.090625 0.025