0 0.09296875 0.51484375 0.0296875 0.09609375
0 0.06796875 0.51796875 0.0296875 0.08828125
0 0.25859375 0.50859375 0.0109375 0.06328125
0 0.2484375 0.509375 0.01328125 0.0640625
1 0.384375 0.50859375 0.04296875 0.04296875
1 0.43671875 0.51171875 0.05234375 0.05546875
0 0.61171875 0.48984375 0.0078125 0.02109375
0 0.6375 0.49921875 0.01015625 0.03671875
0 0.84375 0.5078125 0.0328125 0.08984375
0 0.87578125 0.51484375 0.02734375 0.084375
0 0.94765625 0.509375 0.02734375 0.0953125
0 0.97890625 0.5125 0.0359375 0.084375
1 0.54453125 0.63359375 0.3140625 0.3296875