1 0.578125 0.4953125 0.20625 0.25625
0 0.89921875 0.45703125 0.0140625 0.0390625
0 0.871875 0.4578125 0.01171875 0.0390625
0 0.3703125 0.4125 0.01015625 0.03515625
0 0.359375 0.4109375 0.0109375 0.0359375
0 0.34921875 0.41015625 0.01015625 0.03359375
0 0.32421875 0.4109375 0.009375 0.034375
0 0.3171875 0.41015625 0.00625 0.03671875
0 0.2984375 0.4078125 0.009375 0.0390625
0 0.28046875 0.4078125 0.01015625 0.03984375
0 0.2890625 0.4078125 0.009375 0.0390625
0 0.9125 0.4578125 0.0140625 0.04140625