0 0.61484375 0.45546875 0.02578125 0.071875
0 0.44140625 0.46484375 0.0265625 0.08203125
1 0.5015625 0.459375 0.04140625 0.04296875
1 0.24453125 0.46796875 0.0609375 0.05234375
0 0.04140625 0.4703125 0.02421875 0.075
0 0.17890625 0.46171875 0.0140625 0.0484375
0 0.2046875 0.4671875 0.01328125 0.046875
0 0.6765625 0.453125 0.02578125 0.06953125
0 0.6515625 0.44921875 0.015625 0.075
0 0.6375 0.45078125 0.01875 0.06875
0 0.56875 0.4578125 0.02265625 0.0703125
0 0.55078125 0.4625 0.025 0.0796875
0 0.53359375 0.4609375 0.02421875 0.08125