0 0.6109375 0.49453125 0.02109375 0.0609375
0 0.5921875 0.4953125 0.01796875 0.05859375
0 0.571875 0.4953125 0.028125 0.0609375
0 0.51171875 0.4953125 0.0171875 0.05625
0 0.45859375 0.50078125 0.03671875 0.059375
0 0.37890625 0.509375 0.03203125 0.0671875
0 0.35390625 0.50234375 0.02109375 0.0515625
0 0.34140625 0.53125 0.0515625 0.09921875
0 0.26953125 0.5828125 0.0453125 0.178125
0 0.21484375 0.58828125 0.06640625 0.1515625
0 0.07265625 0.57578125 0.05546875 0.1359375
0 0.71484375 0.534375 0.0609375 0.1515625
1 0.4390625 0.69375 0.3359375 0.34609375
1 0.86328125 0.64375 0.2734375 0.39453125