1 0.503125 0.459375 0.04609375 0.0421875
0 0.39296875 0.46484375 0.02421875 0.0859375
0 0.6140625 0.45390625 0.02265625 0.0703125
0 0.0765625 0.47109375 0.015625 0.07421875
0 0.590625 0.459375 0.01640625 0.08203125
0 0.2703125 0.459375 0.01328125 0.0328125
1 0.2453125 0.46796875 0.0625 0.05546875
0 0.2078125 0.465625 0.0140625 0.05234375
0 0.18359375 0.4640625 0.0171875 0.05625
0 0.06171875 0.4703125 0.01953125 0.07578125
0 0.6578125 0.45078125 0.01875 0.07109375
0 0.6734375 0.45234375 0.028125 0.07265625
0 0.57265625 0.4609375 0.02421875 0.08515625