1 0.5625 0.90859375 0.1875 0.1828125
1 0.52265625 0.23828125 0.0703125 0.06875
0 0.53984375 0.303125 0.053125 0.025
0 0.540625 0.41484375 0.153125 0.059375
1 0.50546875 0.0296875 0.0515625 0.0578125
1 0.5203125 0.1265625 0.034375 0.0390625
0 0.565625 0.796875 0.2671875 0.078125
0 0.56953125 0.84296875 0.315625 0.0984375
0 0.56015625 0.73515625 0.2671875 0.0828125
0 0.5453125 0.7390625 0.284375 0.1
0 0.5421875 0.684375 0.2703125 0.0984375
0 0.53203125 0.6015625 0.303125 0.1046875
0 0.53046875 0.52890625 0.325 0.1078125