0 0.41484375 0.728125 0.203125 0.0625
0 0.509375 0.32421875 0.03125 0.0125
0 0.49296875 0.26328125 0.0625 0.0171875
0 0.49296875 0.2515625 0.059375 0.0109375
0 0.49453125 0.084375 0.075 0.0328125
0 0.49921875 0.0609375 0.065625 0.0234375
0 0.5 0.63515625 0.03125 0.0109375
0 0.496875 0.66796875 0.0375 0.015625
0 0.49140625 0.81171875 0.071875 0.0296875
0 0.484375 0.85078125 0.0671875 0.0328125
0 0.48046875 0.92265625 0.0765625 0.0296875
0 0.48125 0.95234375 0.053125 0.0265625
1 0.35703125 0.54453125 0.375 0.346875