1 0.91171875 0.4859375 0.1734375 0.16796875
1 0.24453125 0.45625 0.0609375 0.06328125
0 0.31015625 0.446875 0.0203125 0.05078125
0 0.41953125 0.4578125 0.04375 0.14765625
1 0.0390625 0.45234375 0.05234375 0.04609375
1 0.134375 0.44765625 0.03515625 0.03203125
0 0.79609375 0.471875 0.05078125 0.25859375
0 0.84140625 0.47265625 0.06484375 0.30625
0 0.734375 0.47109375 0.05546875 0.2578125
0 0.73671875 0.4859375 0.0703125 0.27265625
0 0.6828125 0.48359375 0.07109375 0.259375
0 0.6015625 0.48515625 0.07265625 0.2921875
0 0.5296875 0.47890625 0.0734375 0.3140625