0 0.61015625 0.4890625 0.0265625 0.0640625
0 0.59140625 0.490625 0.0234375 0.0609375
0 0.57109375 0.4921875 0.0328125 0.0640625
0 0.5109375 0.496875 0.0203125 0.0578125
0 0.45703125 0.50625 0.0421875 0.0625
0 0.3765625 0.51953125 0.0359375 0.0703125
0 0.35078125 0.51484375 0.025 0.0546875
0 0.340625 0.54453125 0.0578125 0.103125
0 0.27109375 0.60234375 0.0578125 0.184375
0 0.21640625 0.61171875 0.078125 0.1578125
0 0.071875 0.609375 0.065625 0.140625
0 0.71796875 0.521875 0.0734375 0.1578125
1 0.45078125 0.70234375 0.3640625 0.3734375
1 0.8609375 0.6203125 0.278125 0.41875