0 0.7265625 0.57421875 0.059375 0.19921875
0 0.3265625 0.4875 0.01171875 0.0296875
0 0.26640625 0.5046875 0.0140625 0.0625
0 0.2546875 0.50625 0.01015625 0.06015625
0 0.0890625 0.50625 0.0296875 0.075
0 0.06640625 0.50234375 0.0203125 0.0640625
0 0.63359375 0.49140625 0.0109375 0.03125
0 0.665625 0.49375 0.01484375 0.03828125
0 0.8078125 0.496875 0.028125 0.07109375
0 0.84609375 0.50390625 0.0296875 0.06640625
0 0.9171875 0.50625 0.02734375 0.07578125
0 0.94609375 0.5046875 0.025 0.0515625
1 0.54609375 0.634375 0.3359375 0.36328125