0 0.51015625 0.06796875 0.103125 0.0421875
0 0.5078125 0.04140625 0.0953125 0.040625
0 0.49765625 0.24140625 0.0671875 0.01875
0 0.4984375 0.23046875 0.06875 0.0203125
1 0.484375 0.37109375 0.05 0.05
1 0.475 0.42578125 0.0625 0.0609375
0 0.47890625 0.6109375 0.021875 0.009375
0 0.46640625 0.6359375 0.0375 0.0125
0 0.43515625 0.85 0.096875 0.04375
0 0.4234375 0.88203125 0.090625 0.0375
0 0.42109375 0.9578125 0.103125 0.0390625
0 0.41640625 0.98203125 0.0921875 0.0328125
1 0.33671875 0.52421875 0.3765625 0.3625