0 0.5140625 0.2515625 0.0640625 0.0203125
0 0.5125 0.26171875 0.065625 0.021875
0 0.52578125 0.06328125 0.08125 0.0296875
0 0.51875 0.084375 0.0984375 0.0359375
1 0.503125 0.384375 0.0484375 0.05
0 0.49609375 0.63671875 0.0265625 0.0109375
0 0.490625 0.67421875 0.0390625 0.015625
0 0.44140625 0.68203125 0.1390625 0.0578125
0 0.46953125 0.8203125 0.0828125 0.0359375
0 0.46171875 0.84765625 0.08125 0.0390625
0 0.45390625 0.928125 0.078125 0.040625
0 0.45234375 0.9546875 0.059375 0.03125
1 0.3359375 0.53359375 0.390625 0.371875