0 0.5890625 0.41640625 0.0390625 0.078125
0 0.40859375 0.45234375 0.040625 0.090625
1 0.47109375 0.43671875 0.05 0.0515625
1 0.203125 0.484375 0.071875 0.0640625
0 0.00390625 0.5140625 0.0078125 0.078125
0 0.134375 0.4875 0.021875 0.0515625
0 0.16171875 0.4890625 0.0203125 0.0515625
0 0.653125 0.40625 0.0375 0.0765625
0 0.6265625 0.4046875 0.0265625 0.0796875
0 0.6125 0.40859375 0.0296875 0.0734375
0 0.54140625 0.42578125 0.034375 0.078125
0 0.52265625 0.43359375 0.0375 0.0875
0 0.50546875 0.43515625 0.0359375 0.0890625